0 MyFirstRobot2
0 Author: LEGO Digital Designer 4.3
1 0 -30.4995632171630859375 -134.5586395263671875 10.31732273101806640625 0 -1 0 0.686183929443359375 0 -0.72742807865142822265625 0.72742807865142822265625 0 0.686183989048004150390625 2780.dat
1 151 50.000179290771484375 -141.7840118408203125 3.385886669158935546875 0 0 1 0.727427959442138671875 0.686184346675872802734375 0 -0.686184108257293701171875 0.727427959442138671875 0 40490.dat
1 0 129.5001983642578125 -134.558624267578125 10.31704235076904296875 0 -1 0 0.686184227466583251953125 0 -0.727427899837493896484375 0.72742784023284912109375 0 0.686184346675872802734375 2780.dat
1 72 130.00006103515625 -188.846649169921875 185.939544677734375 0 1 0 -0.686184227466583251953125 0 -0.72742784023284912109375 -0.727427899837493896484375 0 0.686184346675872802734375 32140.dat
1 1 120.00006103515625 -188.8466339111328125 185.939483642578125 1 0 0 0 0.68618452548980712890625 -0.72742748260498046875 0 0.72742748260498046875 0.68618452548980712890625 43093.dat
1 72 110.00014495849609375 -87.00672149658203125 89.8736724853515625 0 -1.00000011920928955078125 0 -0.68618476390838623046875 0 0.72742736339569091796875 -0.727427423000335693359375 0 -0.686184704303741455078125 32009.dat
1 0 120.0001220703125 -141.901519775390625 31.6794834136962890625 -1 0 0 0 0.68618452548980712890625 0.727427303791046142578125 0 0.727427303791046142578125 -0.68618476390838623046875 32062.dat
1 71 130.0001678466796875 -142.69921875 31.744571685791015625 1 0 0 0 0.7274272441864013671875 0.686184823513031005859375 0 -0.686184823513031005859375 0.7274272441864013671875 6536.dat
1 1 120.0001373291015625 -203.395111083984375 199.6631927490234375 -1 0 0 0 0.68618476390838623046875 0.727427303791046142578125 0 0.727427303791046142578125 -0.68618476390838623046875 43093.dat
1 0 140.00018310546875 -232.4923095703125 227.110595703125 -1 0 0 0 0.68618452548980712890625 0.72742748260498046875 0 0.72742748260498046875 -0.68618452548980712890625 2780.dat
1 151 149.9999847412109375 -274.37017822265625 183.4442901611328125 0 1.00000011920928955078125 0 0.72742748260498046875 0 -0.68618476390838623046875 -0.68618476390838623046875 0 -0.72742736339569091796875 32524.dat
1 0 150.000030517578125 -314.83447265625 139.81927490234375 -1 0 0 0 0.68618404865264892578125 0.72742807865142822265625 0 0.72742807865142822265625 -0.686183929443359375 32054.dat
1 151 49.9998931884765625 -238.362457275390625 162.812835693359375 1 0 0 0 0.686183929443359375 -0.72742807865142822265625 0 0.72742807865142822265625 0.686183929443359375 53788.dat
1 47 68.7010345458984375 -383.547210693359375 200.085784912109375 -1 0 0 0 -0.686183631420135498046875 -0.727428376674652099609375 0 -0.727428376674652099609375 0.6861836910247802734375 x933c01.dat
1 47 129.577545166015625 -123.9527587890625 289.886993408203125 -1 0 0 0 -0.99938023090362548828125 -0.0352016650140285491943359375 0 -0.0352016650140285491943359375 0.9993801116943359375 x933c01.dat
1 47 30.701068878173828125 -383.547271728515625 200.0858306884765625 -1 0 0 0 -0.686183631420135498046875 -0.727428376674652099609375 0 -0.727428376674652099609375 0.6861836910247802734375 x933c01.dat
1 47 -30.4225063323974609375 -123.9565887451171875 289.886810302734375 -1 0 0 0 -0.99938023090362548828125 -0.0352016389369964599609375 0 -0.0352016389369964599609375 0.9993801116943359375 x933c01.dat
1 47 -7.298896312713623046875 -383.547210693359375 200.0858612060546875 -1 0 0 0 -0.686183631420135498046875 -0.727428376674652099609375 0 -0.727428376674652099609375 0.6861836910247802734375 x933c01.dat
1 47 49.577404022216796875 -120.4334259033203125 189.949554443359375 -1 0 0 0 -0.99938023090362548828125 -0.0352016389369964599609375 0 -0.0352016389369964599609375 0.9993801116943359375 x933c01.dat
1 0 -50.0004425048828125 -314.834442138671875 139.819305419921875 1 0 0 0 0.686183929443359375 -0.72742807865142822265625 0 0.72742807865142822265625 0.686183929443359375 32054.dat
1 151 -50.000202178955078125 -274.3702392578125 183.4443511962890625 0 1 0 0.72742807865142822265625 0 -0.686183929443359375 -0.686183929443359375 0 -0.72742807865142822265625 32524.dat
1 0 -40.000110626220703125 -246.2160797119140625 212.5620880126953125 -1 0 0 0 0.6861836910247802734375 0.727428436279296875 0 0.727428436279296875 -0.68618357181549072265625 2780.dat
1 0 -19.999820709228515625 -141.90155029296875 31.679683685302734375 -1 0 0 0 0.68618404865264892578125 0.727428019046783447265625 0 0.727428019046783447265625 -0.68618404865264892578125 32062.dat
1 71 -29.9998226165771484375 -142.69927978515625 31.7448291778564453125 1 0 0 0 0.7274277210235595703125 0.68618428707122802734375 0 -0.68618428707122802734375 0.7274277210235595703125 6536.dat
1 72 -9.9999599456787109375 -87.0068817138671875 89.87397003173828125 0 -1 0 -0.686183631420135498046875 0 0.727428436279296875 -0.727428436279296875 0 -0.68618357181549072265625 32009.dat
1 1 -20 -203.3953704833984375 199.663330078125 1 0 0 0 0.68618404865264892578125 -0.727427959442138671875 0 0.727427959442138671875 0.68618404865264892578125 43093.dat
1 1 -20.000019073486328125 -188.8467254638671875 185.9396514892578125 -1 0 0 0 0.68618381023406982421875 0.727427959442138671875 0 0.727427959442138671875 -0.68618404865264892578125 43093.dat
1 72 -29.9999828338623046875 -188.84674072265625 185.93963623046875 0 1.00000011920928955078125 0 -0.686183929443359375 0 -0.7274281978607177734375 -0.7274281978607177734375 0 0.68618404865264892578125 32140.dat
1 0 -19.99852752685546875 -116.0553131103515625 117.26457977294921875 -1 -2.3707189029664732515811920166E-05 0 -2.36503965425072237849235534668E-05 0.78900158405303955078125 0.614391148090362548828125 0 0.614391148090362548828125 -0.78900158405303955078125 2780.dat
1 151 -29.9994678497314453125 -74.36279296875 58.40265655517578125 1 0 0 0 -0.9993803501129150390625 0.0351982414722442626953125 0 -0.0351982414722442626953125 -0.9993803501129150390625 53787.dat
1 0 -39.9994659423828125 -74.85375213623046875 58.43462371826171875 1 0 0 0 -0.99796426296234130859375 -0.063775531947612762451171875 0 0.063775531947612762451171875 -0.99796426296234130859375 3706.dat
1 71 -64.9994354248046875 -73.85317230224609375 58.37288665771484375 0 5.304813385009765625E-05 -1.00000011920928955078125 0.0591862611472606658935546875 0.99824702739715576171875 5.304813385009765625E-05 0.99824702739715576171875 -0.0591862611472606658935546875 0 32123a.dat
1 71 -91.9994659423828125 -73.85004425048828125 58.370494842529296875 -5.45084476470947265625E-05 0 -0.999999940395355224609375 -0.997964084148406982421875 0.0637773573398590087890625 5.435943603515625E-05 0.063777387142181396484375 0.997964084148406982421875 0 56145.dat
1 0 -92.00177001953125 -73.8500518798828125 58.370487213134765625 0 -0.0045120716094970703125 -0.99998986721038818359375 0.063776053488254547119140625 0.997954070568084716796875 -0.004502885043621063232421875 0.99796426296234130859375 -0.06377540528774261474609375 0.000287749629933387041091918945312 55976.dat
1 0 -60.000049591064453125 -60.507137298583984375 218.99053955078125 1 0 0 0 -0.9993803501129150390625 0.0351982414722442626953125 0 -0.0351982414722442626953125 -0.9993803501129150390625 2780.dat
1 72 -70.00005340576171875 -60.00800323486328125 219.00811767578125 2.384185791015625E-05 0 -1.00000011920928955078125 -0.99938046932220458984375 -0.0351984500885009765625 -2.372264862060546875E-05 -0.0351985991001129150390625 0.99938046932220458984375 0 42003.dat
1 1 -69.99987030029296875 -49.32721710205078125 199.872283935546875 0 0 -0.99999988079071044921875 -0.99937975406646728515625 -0.0352131426334381103515625 0 -0.0352130830287933349609375 0.99937975406646728515625 0 43093.dat
1 151 49.999607086181640625 -39.29541778564453125 199.2280731201171875 2.062320709228515625E-05 2.904236316680908203125E-05 1.00000011920928955078125 -0.0352160669863224029541015625 -0.999379694461822509765625 2.97464430332183837890625E-05 0.999379813671112060546875 -0.0352160669863224029541015625 -1.9371509552001953125E-05 41239.dat
1 72 170.000030517578125 -60.00228118896484375 219.008392333984375 2.384185791015625E-05 0 -1.00000011920928955078125 -0.99938046932220458984375 -0.0351984500885009765625 -2.372264862060546875E-05 -0.0351985991001129150390625 0.99938046932220458984375 0 42003.dat
1 1 170.0003204345703125 -49.321533203125 199.8725738525390625 0 0 -0.99999988079071044921875 -0.99937975406646728515625 -0.0352131426334381103515625 0 -0.0352130830287933349609375 0.99937975406646728515625 0 43093.dat
1 0 160.000030517578125 -61.20618438720703125 238.9784088134765625 1 0 0 0 -0.9993803501129150390625 0.0351982414722442626953125 0 -0.0351982414722442626953125 -0.9993803501129150390625 2780.dat
1 151 130.0005645751953125 -74.35895538330078125 58.402858734130859375 1 0 0 0 -0.999380290508270263671875 0.0351999104022979736328125 0 -0.0351999104022979736328125 -0.999380290508270263671875 53787.dat
1 0 -8.1956386566162109375E-05 -60.5057220458984375 218.990631103515625 1 0 0 0 -0.9993803501129150390625 0.0351982414722442626953125 0 -0.0351982414722442626953125 -0.9993803501129150390625 2780.dat
1 0 -8.1956386566162109375E-05 -59.80146026611328125 199.002960205078125 1 0 0 0 -0.9993803501129150390625 0.0351982414722442626953125 0 -0.0351982414722442626953125 -0.9993803501129150390625 2780.dat
1 0 100.00002288818359375 -60.50312042236328125 218.9907379150390625 1 0 0 0 -0.9993803501129150390625 0.0351982414722442626953125 0 -0.0351982414722442626953125 -0.9993803501129150390625 2780.dat
1 0 150.000518798828125 -82.25017547607421875 268.255462646484375 0 0 -1.00000011920928955078125 0.0352000705897808074951171875 -0.999380290508270263671875 0 -0.9993803501129150390625 -0.0352000705897808074951171875 0 2780.dat
1 151 50.000537872314453125 -82.60243988037109375 278.2491455078125 0 0 1 0.9993803501129150390625 -0.0352014601230621337890625 0 0.0352015197277069091796875 0.999380290508270263671875 0 32525.dat
1 1 30.000431060791015625 -81.958404541015625 288.27764892578125 0 -2.39349901676177978515625E-05 -1 -0.035201437771320343017578125 0.9993803501129150390625 -2.39200890064239501953125E-05 0.999380290508270263671875 0.035201437771320343017578125 0 43093.dat
1 0 50.6255035400390625 -82.80889129638671875 298.25396728515625 0 -1 0 -0.0352013409137725830078125 0 -0.99938023090362548828125 0.99938023090362548828125 0 -0.0352013409137725830078125 32184.dat
1 1 70.00049591064453125 -81.957489013671875 288.2777099609375 0 -2.39312648773193359375E-05 -1 -0.035201437771320343017578125 0.99938023090362548828125 -2.39200890064239501953125E-05 0.99938023090362548828125 0.035201437771320343017578125 0 43093.dat
1 0 -49.999568939208984375 -82.255462646484375 268.2552490234375 0 1.109205186367034912109375E-05 1.00000011920928955078125 -0.035187177360057830810546875 -0.999380767345428466796875 1.110322773456573486328125E-05 0.9993808269500732421875 -0.035187177360057830810546875 0 2780.dat
1 0 -9.999561309814453125 -82.25399017333984375 268.255279541015625 0 0 -1.00000011920928955078125 0.0352000705897808074951171875 -0.999380290508270263671875 0 -0.9993803501129150390625 -0.0352000705897808074951171875 0 2780.dat
1 0 110.000518798828125 -82.251129150390625 268.25537109375 0 0 -1.00000011920928955078125 0.0352000705897808074951171875 -0.999380290508270263671875 0 -0.9993803501129150390625 -0.0352000705897808074951171875 0 2780.dat
1 71 50.000019073486328125 -72.477813720703125 298.11822509765625 0 0 1.00000011920928955078125 -0.999379932880401611328125 0.0352132618427276611328125 0 -0.0352132320404052734375 -0.9993798732757568359375 0 32073.dat
1 71 50.000034332275390625 -67.3909454345703125 298.29742431640625 1 0 0 0 0.035213179886341094970703125 0.999379813671112060546875 0 -0.999379813671112060546875 0.035213179886341094970703125 32123a.dat
1 0 50.000034332275390625 -51.8255462646484375 279.959136962890625 0 0 1.00000011920928955078125 -0.99937999248504638671875 0.035213172435760498046875 0 -0.03521311283111572265625 -0.9993798732757568359375 0 32184.dat
1 1 50.000030517578125 -41.087802886962890625 259.199432373046875 0 0 1 -0.9993798732757568359375 0.0352132618427276611328125 0 -0.035213291645050048828125 -0.9993798732757568359375 0 43093.dat
1 72 30.0000019073486328125 -32.020542144775390625 300.0439453125 0 -1 0 -0.9993798732757568359375 0 0.03521279990673065185546875 -0.03521279990673065185546875 0 -0.999379813671112060546875 32316.dat
1 71 50.000064849853515625 -31.191364288330078125 280.060760498046875 0 0 1 -0.9993798732757568359375 0.035213291645050048828125 0 -0.0352132022380828857421875 -0.9993798732757568359375 0 48989.dat
1 72 70.00006103515625 -32.020534515380859375 300.0439453125 0 -1 0 -0.999379813671112060546875 0 0.0352144874632358551025390625 -0.0352144874632358551025390625 0 -0.99937975406646728515625 32316.dat
1 71 45.11997222900390625 -33.428730010986328125 340.001678466796875 0 0 1 3.59679906978271901607513427734E-05 0.999999940395355224609375 0 -1 3.59679906978271901607513427734E-05 0 4185.dat
1 71 50.00008392333984375 -33.428737640380859375 340.001617431640625 1 0 0 0 1 0 0 0 1 4519.dat
1 71 55.000080108642578125 -33.42873382568359375 340.001617431640625 0 0 -1 0 0.999999940395355224609375 0 1 0 0 4185.dat
1 0 99.99993133544921875 -59.79875946044921875 199.0030517578125 1 0 0 0 -0.9993803501129150390625 0.0351982414722442626953125 0 -0.0351982414722442626953125 -0.9993803501129150390625 2780.dat
1 151 89.99990081787109375 -58.391147613525390625 159.0279083251953125 -2.35179031733423471450805664062E-05 -1.00000011920928955078125 0 0.999380409717559814453125 -2.351589500904083251953125E-05 -0.0351988635957241058349609375 0.0351988635957241058349609375 0 0.99938046932220458984375 32524.dat
1 0 79.99993133544921875 -56.27912139892578125 99.06505584716796875 1 0 0 0 -0.9993803501129150390625 0.0351982414722442626953125 0 -0.0351982414722442626953125 -0.9993803501129150390625 2780.dat
1 0 79.999908447265625 -57.68718719482421875 139.0402984619140625 1 0 0 0 -0.9993803501129150390625 0.0351982414722442626953125 0 -0.0351982414722442626953125 -0.9993803501129150390625 2780.dat
1 0 20.000011444091796875 -56.2805633544921875 99.06496429443359375 1 0 0 0 -0.9993803501129150390625 0.0351982414722442626953125 0 -0.0351982414722442626953125 -0.9993803501129150390625 2780.dat
1 151 50.000392913818359375 -70.8414764404296875 -41.534637451171875 1 0 0 0 -0.99938023090362548828125 0.0352015793323516845703125 0 -0.0352015793323516845703125 -0.99938023090362548828125 53787.dat
1 71 50.000507354736328125 -70.34063720703125 -41.566509246826171875 1 0 0 0 0.997964382171630859375 0.06377375125885009765625 0 -0.06377375125885009765625 0.997964382171630859375 44294.dat
1 71 110.00048828125 -70.3408660888671875 -41.566478729248046875 0 -2.36295163631439208984375E-05 -1 0.06377327442169189453125 0.997964441776275634765625 -2.36295163631439208984375E-05 0.997964441776275634765625 -0.06377327442169189453125 0 3648.dat
1 71 -9.99953556060791015625 -70.343719482421875 -41.566493988037109375 0 -2.36332416534423828125E-05 -1 0.06377328932285308837890625 0.997964322566986083984375 -2.36295163631439208984375E-05 0.997964382171630859375 -0.06377328932285308837890625 0 3648.dat
1 71 49.843959808349609375 -111.7234344482421875 -2.949944019317626953125 -1 0 0 0 0.9993803501129150390625 0.03520114719867706298828125 0 0.03520114719867706298828125 -0.99938023090362548828125 32073.dat
1 72 9.84395313262939453125 -112.72281646728515625 -2.985164642333984375 0 -1 0 0.99938023090362548828125 0 -0.035202406346797943115234375 0.035202406346797943115234375 0 0.99938023090362548828125 32140.dat
1 72 89.84405517578125 -112.72312164306640625 -2.985128879547119140625 0 -1 0 0.99938023090362548828125 0 -0.035202406346797943115234375 0.035202406346797943115234375 0 0.99938023090362548828125 32140.dat
1 1 30.00165557861328125 -121.53250885009765625 -22.806987762451171875 -2.384185791015625E-05 0 1 0.999381124973297119140625 -0.0351777970790863037109375 2.38120555877685546875E-05 0.0351777970790863037109375 0.99938106536865234375 0 43093.dat
1 72 30.0014133453369140625 -112.22513580322265625 -2.96752452850341796875 -2.3782253265380859375E-05 0 1.00000011920928955078125 0.9993803501129150390625 -0.0352013111114501953125 2.38716602325439453125E-05 0.03520143032073974609375 0.9993803501129150390625 0 42003.dat
1 151 50.001873016357421875 -131.49066162109375 -24.1582431793212890625 0 -2.39498913288116455078125E-05 -1 -0.035177372395992279052734375 0.99938118457794189453125 -2.394616603851318359375E-05 0.999381124973297119140625 0.035177372395992279052734375 0 41239.dat
1 0 150.0020751953125 -141.48211669921875 -24.509792327880859375 2.39908695220947265625E-05 0 1.00000011920928955078125 -0.99938118457794189453125 0.0351770818233489990234375 2.3901462554931640625E-05 -0.0351770222187042236328125 -0.99938118457794189453125 0 2780.dat
1 0 190.002532958984375 -155.8403778076171875 -185.1142578125 2.39908695220947265625E-05 0 1.00000011920928955078125 -0.99938118457794189453125 0.0351770818233489990234375 2.3901462554931640625E-05 -0.0351770222187042236328125 -0.99938118457794189453125 0 2780.dat
1 1 190.0025787353515625 -157.2826690673828125 -144.139617919921875 -2.384185791015625E-05 0 1 0.999381124973297119140625 -0.0351777970790863037109375 2.38120555877685546875E-05 0.0351777970790863037109375 0.99938106536865234375 0 43093.dat
1 72 190.502349853515625 -141.6428985595703125 -304.1884765625 -1 -2.4083932657958939671516418457E-05 0 -2.4080858565866947174072265625E-05 0.9993813037872314453125 0.035177029669284820556640625 0 0.035177029669284820556640625 -0.999381124973297119140625 32009.dat
1 1 110.00205230712890625 -131.6333770751953125 -304.3365478515625 2.39908695220947265625E-05 0 1 -0.99938118457794189453125 0.0351769626140594482421875 2.39312648773193359375E-05 -0.0351769626140594482421875 -0.99938118457794189453125 0 43093.dat
1 72 200.003082275390625 -166.5547943115234375 -164.9786529541015625 -1 0 0 0 0.99938106536865234375 0.0351776741445064544677734375 0 0.0351776741445064544677734375 -0.99938106536865234375 41678.dat
1 0 200.0028076171875 -166.0553741455078125 -164.9610595703125 1 -2.36762116401223465800285339355E-05 0 2.36651594605064019560813903809E-05 0.99938023090362548828125 -0.0352016128599643707275390625 0 0.0352016128599643707275390625 0.99938023090362548828125 32062.dat
1 72 200.0027923583984375 -166.55499267578125 -164.9786834716796875 1 0 -2.34732815442839637398719787598E-05 2.3472937755286693572998046875E-05 0.0351773202419281005859375 0.99938106536865234375 0 -0.99938106536865234375 0.0351773202419281005859375 32291.dat
1 72 210.5023651123046875 -151.4958648681640625 -24.361728668212890625 -1 0 0 0 -0.99938023090362548828125 -0.0352011434733867645263671875 0 -0.0352011434733867645263671875 0.9993803501129150390625 32009.dat
1 1 210.002593994140625 -155.875091552734375 -184.114837646484375 -2.384185791015625E-05 0 1 0.999381124973297119140625 -0.0351777970790863037109375 2.38120555877685546875E-05 0.0351777970790863037109375 0.99938106536865234375 0 43093.dat
1 72 130.001861572265625 -121.63910675048828125 -303.9847412109375 0 -2.394802868366241455078125E-05 -1 -0.0351773798465728759765625 0.99938106536865234375 -2.394802868366241455078125E-05 0.99938106536865234375 0.0351773798465728759765625 0 32523.dat
1 0 210.002593994140625 -157.2469940185546875 -145.1389923095703125 2.39908695220947265625E-05 0 1.00000011920928955078125 -0.99938118457794189453125 0.0351770818233489990234375 2.3901462554931640625E-05 -0.0351770222187042236328125 -0.99938118457794189453125 0 2780.dat
1 0 150.0021209716796875 -131.632415771484375 -304.33642578125 2.39908695220947265625E-05 0 1.00000011920928955078125 -0.99938118457794189453125 0.0351770818233489990234375 2.3901462554931640625E-05 -0.0351770222187042236328125 -0.99938118457794189453125 0 2780.dat
1 0 130.00164794921875 -111.645294189453125 -303.632965087890625 2.39908695220947265625E-05 0 1.00000011920928955078125 -0.99938118457794189453125 0.0351770818233489990234375 2.3901462554931640625E-05 -0.0351770222187042236328125 -0.99938118457794189453125 0 2780.dat
1 151 130.5014190673828125 -106.59720611572265625 -162.868011474609375 -1 -2.37221265706466510891914367676E-05 0 -2.37190488405758515000343322754E-05 0.9993803501129150390625 0.035201251506805419921875 0 0.035201251506805419921875 -0.99938023090362548828125 32278.dat
1 0 130.0016021728515625 -121.49493408203125 -23.80626678466796875 2.39908695220947265625E-05 0 1.00000011920928955078125 -0.99938118457794189453125 0.0351770818233489990234375 2.3901462554931640625E-05 -0.0351770222187042236328125 -0.99938118457794189453125 0 2780.dat
1 0 170.002105712890625 -141.4816436767578125 -24.50977325439453125 2.39908695220947265625E-05 0 1.00000011920928955078125 -0.99938118457794189453125 0.0351770818233489990234375 2.3901462554931640625E-05 -0.0351770222187042236328125 -0.99938118457794189453125 0 2780.dat
1 0 -29.9983539581298828125 -121.4987640380859375 -23.8064212799072265625 2.39908695220947265625E-05 0 1.00000011920928955078125 -0.99938118457794189453125 0.0351770818233489990234375 2.3901462554931640625E-05 -0.0351770222187042236328125 -0.99938118457794189453125 0 2780.dat
1 151 -29.4985408782958984375 -106.60107421875 -162.868194580078125 -1 -2.37221283896360546350479125977E-05 0 -2.37190506595652550458908081055E-05 0.9993803501129150390625 0.0352012552320957183837890625 0 0.0352012552320957183837890625 -0.99938023090362548828125 32278.dat
1 0 -29.998317718505859375 -111.64910888671875 -303.633087158203125 2.39908695220947265625E-05 0 1.00000011920928955078125 -0.99938118457794189453125 0.0351770818233489990234375 2.3901462554931640625E-05 -0.0351770222187042236328125 -0.99938118457794189453125 0 2780.dat
1 72 -29.99806976318359375 -121.64292144775390625 -303.984893798828125 0 -2.394802868366241455078125E-05 -1 -0.035177372395992279052734375 0.99938106536865234375 -2.394802868366241455078125E-05 0.99938106536865234375 0.035177372395992279052734375 0 32523.dat
1 1 -89.99738311767578125 -157.28936767578125 -144.139892578125 -2.384185791015625E-05 0 1 0.999381124973297119140625 -0.0351777970790863037109375 2.38120555877685546875E-05 0.0351777970790863037109375 0.99938106536865234375 0 43093.dat
1 72 -90.4976043701171875 -141.64971923828125 -304.188751220703125 1 0 0 0 -0.999381005764007568359375 0.03517965972423553466796875 0 -0.03517965972423553466796875 -0.999381005764007568359375 32009.dat
1 1 -9.99778652191162109375 -131.636260986328125 -304.33660888671875 2.39908695220947265625E-05 0 1 -0.99938118457794189453125 0.0351769626140594482421875 2.39312648773193359375E-05 -0.0351769626140594482421875 -0.99938118457794189453125 0 43093.dat
1 72 -99.9969024658203125 -166.56207275390625 -164.9790496826171875 -1 0 0 0 0.99938106536865234375 0.0351776666939258575439453125 0 0.0351776666939258575439453125 -0.99938106536865234375 41678.dat
1 0 -99.99713134765625 -166.0626068115234375 -164.9614410400390625 1 -2.36762134591117501258850097656E-05 0 2.36651612794958055019378662109E-05 0.99938023090362548828125 -0.0352016128599643707275390625 0 0.0352016128599643707275390625 0.99938023090362548828125 32062.dat
1 72 -99.9971160888671875 -166.562286376953125 -164.9791107177734375 1 0 -2.34732779063051566481590270996E-05 2.34729341173078864812850952148E-05 0.0351773202419281005859375 0.99938106536865234375 0 -0.99938106536865234375 0.0351773202419281005859375 32291.dat
1 72 -110.49381256103515625 -151.49969482421875 -24.362110137939453125 1 -2.36736123042646795511245727539E-05 2.38822212850209325551986694336E-05 2.44992443185765296220779418945E-05 0.9993808269500732421875 -0.0351846776902675628662109375 -2.30344849114771932363510131836E-05 0.0351846776902675628662109375 0.9993808269500732421875 32009.dat
1 1 -109.99738311767578125 -155.88275146484375 -184.115142822265625 -2.384185791015625E-05 0 1 0.999381124973297119140625 -0.0351777970790863037109375 2.38120555877685546875E-05 0.0351777970790863037109375 0.99938106536865234375 0 43093.dat
1 0 -49.99784088134765625 -131.6372222900390625 -304.336669921875 2.39908695220947265625E-05 0 1.00000011920928955078125 -0.99938118457794189453125 0.0351770818233489990234375 2.3901462554931640625E-05 -0.0351770222187042236328125 -0.99938118457794189453125 0 2780.dat
1 0 -89.99736785888671875 -155.8470916748046875 -185.114532470703125 2.39908695220947265625E-05 0 1.00000011920928955078125 -0.99938118457794189453125 0.0351770818233489990234375 2.3901462554931640625E-05 -0.0351770222187042236328125 -0.99938118457794189453125 0 2780.dat
1 0 -109.99738311767578125 -157.254638671875 -145.1392822265625 2.39908695220947265625E-05 0 1.00000011920928955078125 -0.99938118457794189453125 0.0351770818233489990234375 2.3901462554931640625E-05 -0.0351770222187042236328125 -0.99938118457794189453125 0 2780.dat
1 0 -69.9978790283203125 -141.48736572265625 -24.5100116729736328125 2.39908695220947265625E-05 0 1.00000011920928955078125 -0.99938118457794189453125 0.0351770818233489990234375 2.3901462554931640625E-05 -0.0351770222187042236328125 -0.99938118457794189453125 0 2780.dat
1 0 -49.997875213623046875 -141.48687744140625 -24.5099887847900390625 2.39908695220947265625E-05 0 1.00000011920928955078125 -0.99938118457794189453125 0.0351770818233489990234375 2.3901462554931640625E-05 -0.0351770222187042236328125 -0.99938118457794189453125 0 2780.dat
1 1 69.844207763671875 -121.530242919921875 -22.80702972412109375 -2.384185791015625E-05 0 1 0.99938106536865234375 -0.0351777970790863037109375 2.3782253265380859375E-05 0.0351777374744415283203125 0.99938106536865234375 0 43093.dat
1 72 69.843963623046875 -112.22287750244140625 -2.967549800872802734375 -2.384185791015625E-05 0 1 0.99938023090362548828125 -0.0352013111114501953125 2.38716602325439453125E-05 0.0352013111114501953125 0.99938023090362548828125 0 42003.dat
1 0 140.0001373291015625 -246.2159881591796875 212.562042236328125 -1 0 0 0 0.68618452548980712890625 0.72742748260498046875 0 0.72742748260498046875 -0.68618452548980712890625 2780.dat
1 0 20.000011444091796875 -57.68860626220703125 139.0402069091796875 1 0 0 0 -0.9993803501129150390625 0.0351982414722442626953125 0 -0.0351982414722442626953125 -0.9993803501129150390625 2780.dat
1 151 9.99991703033447265625 -58.393585205078125 159.0278167724609375 -2.35179031733423471450805664062E-05 -1.00000011920928955078125 0 0.999380409717559814453125 -2.351589500904083251953125E-05 -0.0351988635957241058349609375 0.0351988635957241058349609375 0 0.99938046932220458984375 32524.dat
1 0 194.7300262451171875 -73.85774993896484375 58.403301239013671875 0 -6.43897219561040401458740234375E-05 -1 -0.00115996855311095714569091796875 0.999999344348907470703125 -6.438978016376495361328125E-05 0.999999344348907470703125 0.00115996843669563531875610351562 0 55976.dat
1 71 194.72998046875 -73.85774993896484375 58.40338897705078125 6.39855861663818359375E-05 0 1 -0.999999344348907470703125 0.0011600553989410400390625 6.3955783843994140625E-05 -0.00116002559661865234375 -0.999999344348907470703125 0 56145.dat
1 0 144.001251220703125 -74.92671966552734375 58.402210235595703125 0.9999992847442626953125 0.0011599077843129634857177734375 0 0.0011599077843129634857177734375 -0.999999344348907470703125 0 0 0 -1 3706.dat
1 71 169.3678131103515625 -74.86486053466796875 58.40228271484375 0 0.00115996494423598051071166992188 -0.99999940395355224609375 0.00116008857730776071548461914062 -0.999998629093170166015625 -0.00115996482782065868377685546875 -0.99999940395355224609375 -0.0011600884608924388885498046875 0 32123a.dat
1 0 120.00142669677734375 -115.34775543212890625 97.2771453857421875 -1 -2.34389644901966676115989685059E-05 0 -2.33821720030391588807106018066E-05 0.78900182247161865234375 0.614391148090362548828125 0 0.614391148090362548828125 -0.78900158405303955078125 2780.dat
1 0 120.0002288818359375 -116.0525360107421875 117.26474761962890625 -1 0 0 0 0.78900158405303955078125 0.61439144611358642578125 0 0.61439144611358642578125 -0.78900134563446044921875 2780.dat
1 0 160.00006103515625 -60.5019073486328125 218.9908294677734375 1 0 0 0 -0.9993803501129150390625 0.0351982414722442626953125 0 -0.0351982414722442626953125 -0.9993803501129150390625 2780.dat
1 0 -60.000049591064453125 -61.21141815185546875 238.978118896484375 1 0 0 0 -0.9993803501129150390625 0.0351982414722442626953125 0 -0.0351982414722442626953125 -0.9993803501129150390625 2780.dat
1 0 -19.998516082763671875 -115.245880126953125 96.98737335205078125 -1 -2.35473617067327722907066345215E-05 0 -2.35442839766619727015495300293E-05 0.9993803501129150390625 0.0352013371884822845458984375 0 0.0352013371884822845458984375 -0.99938023090362548828125 2780.dat
1 0 -40.000087738037109375 -232.492401123046875 227.1106719970703125 -1 0 0 0 0.6861836910247802734375 0.727428436279296875 0 0.727428436279296875 -0.68618357181549072265625 2780.dat
1 0 -50.000370025634765625 -301.11083984375 154.36785888671875 1 0 0 0 0.686183929443359375 -0.72742807865142822265625 0 0.72742807865142822265625 0.686183929443359375 32054.dat
1 1 10.50007724761962890625 -325.65350341796875 245.1546478271484375 0 1 0 -0.686203479766845703125 0 -0.7274096012115478515625 -0.7274096012115478515625 0 0.686203539371490478515625 43093.dat
1 0 90.26700592041015625 -318.791412353515625 252.4286956787109375 0 0 1.00000011920928955078125 -0.686205923557281494140625 0.7274074554443359375 0 -0.7274074554443359375 -0.68620598316192626953125 0 32013.dat
1 71 50.000125885009765625 -318.4483642578125 252.79248046875 1 0 0 0 0.68620336055755615234375 -0.727409780025482177734375 0 0.727409780025482177734375 0.68620336055755615234375 4519.dat
1 72 50.000102996826171875 -318.448272705078125 252.792449951171875 0 1 0 -0.686203420162200927734375 0 -0.727409780025482177734375 -0.72740972042083740234375 0 0.686203479766845703125 32348.dat
1 0 9.999996185302734375 -318.791290283203125 252.4287261962890625 0 0 -1 0.686201572418212890625 0.7274115085601806640625 0 0.7274115085601806640625 -0.686201572418212890625 0 32013.dat
1 0 50.000171661376953125 -381.801116943359375 290.5609130859375 -1 0 0 0 0.6862037181854248046875 0.727409541606903076171875 0 0.727409541606903076171875 -0.68620359897613525390625 6558.dat
1 72 70.00017547607421875 -362.533233642578125 294.15887451171875 0 1 0 0.1718303263187408447265625 0 -0.985126495361328125 -0.985126495361328125 0 -0.171830356121063232421875 32526.dat
1 0 50.000125885009765625 -434.041168212890625 240.87847900390625 -1 0 0 0 0.68620336055755615234375 0.72740972042083740234375 0 0.72740972042083740234375 -0.68620336055755615234375 6558.dat
1 151 50 -437.5941162109375 260.255462646484375 1 0 0 0 0.9870359897613525390625 -0.16049908101558685302734375 0 0.16049908101558685302734375 0.9870359897613525390625 55963.dat
1 0 50.000102996826171875 -440.914398193359375 280.28350830078125 -1 0 0 0 0.68620336055755615234375 0.72740972042083740234375 0 0.72740972042083740234375 -0.68620336055755615234375 6558.dat
1 72 30.0000019073486328125 -362.533203125 294.158905029296875 0 1 0 0.1718303263187408447265625 0 -0.985126495361328125 -0.985126495361328125 0 -0.171830356121063232421875 32526.dat
1 0 50.000102996826171875 -401.509368896484375 287.156768798828125 -1 0 0 0 0.6862037181854248046875 0.727409541606903076171875 0 0.727409541606903076171875 -0.68620359897613525390625 6558.dat
1 1 90.76697540283203125 -325.65350341796875 245.154754638671875 0 1 0 -0.686203479766845703125 0 -0.7274096012115478515625 -0.7274096012115478515625 0 0.686203539371490478515625 43093.dat
1 0 149.9999237060546875 -301.11090087890625 154.367889404296875 -1 0 0 0 0.68618404865264892578125 0.72742807865142822265625 0 0.72742807865142822265625 -0.686183929443359375 32054.dat
1 72 110.00052642822265625 -80.9088592529296875 -301.41912841796875 -1.1980533599853515625E-05 0 -1 0.9999315738677978515625 -0.01169598102569580078125 -1.1980533599853515625E-05 -0.0116960108280181884765625 -0.9999315738677978515625 0 32291.dat
1 0 110.50052642822265625 -80.9088134765625 -301.418792724609375 0 1.00000011920928955078125 0 0.99993169307708740234375 0 -0.011694072745740413665771484375 -0.011694072745740413665771484375 0 -0.999931633472442626953125 32062.dat
1 72 110.00043487548828125 -80.908843994140625 -301.418914794921875 0 -1 0 -0.999931633472442626953125 0 -0.011694304645061492919921875 0.011694305576384067535400390625 0 -0.999931633472442626953125 41678.dat
1 0 90.00066375732421875 -90.6423797607421875 -321.306671142578125 -1 -1.19891292342799715697765350342E-05 0 -1.19901515063247643411159515381E-05 0.9999315738677978515625 -0.01169586181640625 0 -0.01169586181640625 -0.9999315738677978515625 6558.dat
1 72 90.0006866455078125 -90.40845489501953125 -301.30804443359375 1.8775463104248046875E-05 -1.00000011920928955078125 0 -0.99993169307708740234375 -1.847743988037109375E-05 -0.01169939525425434112548828125 0.01169939525425434112548828125 0 -0.9999315738677978515625 32523.dat
1 0 90.00066375732421875 -90.17453765869140625 -281.30908203125 -1 -1.19891292342799715697765350342E-05 0 -1.19901515063247643411159515381E-05 0.9999315738677978515625 -0.01169586181640625 0 -0.01169586181640625 -0.9999315738677978515625 6558.dat
1 0 100.00045013427734375 -70.64360809326171875 -321.540679931640625 1 -1.19925980470725335180759429932E-05 0 1.19962705866782926023006439209E-05 0.9999315738677978515625 0.01169818080961704254150390625 0 -0.01169818080961704254150390625 0.9999315738677978515625 2780.dat
1 0 100.00042724609375 -70.2260589599609375 -281.318634033203125 1 -1.13349660750827752053737640381E-05 0 1.1197734238521661609411239624E-05 0.8993823528289794921875 -0.437162876129150390625 0 0.437162876129150390625 0.8993823528289794921875 2780.dat
1 72 70.00067901611328125 -90.642608642578125 -321.306610107421875 1.8775463104248046875E-05 -1.00000011920928955078125 0 -0.99993169307708740234375 -1.847743988037109375E-05 -0.01169939525425434112548828125 0.01169939525425434112548828125 0 -0.9999315738677978515625 32316.dat
1 151 90.0004425048828125 -70.4911041259765625 -181.5354766845703125 0 -1.00000011920928955078125 0 -1.00000011920928955078125 0 0 0 0 -1 32278.dat
1 0 50.00067901611328125 -90.87676239013671875 -341.305267333984375 -1 -1.19891292342799715697765350342E-05 0 -1.19901515063247643411159515381E-05 0.9999315738677978515625 -0.01169586181640625 0 -0.01169586181640625 -0.9999315738677978515625 6558.dat
1 0 50.00067901611328125 -90.408935546875 -301.307952880859375 -1 -1.19891292342799715697765350342E-05 0 -1.19901515063247643411159515381E-05 0.9999315738677978515625 -0.01169586181640625 0 -0.01169586181640625 -0.9999315738677978515625 6558.dat
1 72 30.000698089599609375 -90.6430816650390625 -321.306610107421875 1.8775463104248046875E-05 -1.00000011920928955078125 0 -0.99993169307708740234375 -1.847743988037109375E-05 -0.01169939525425434112548828125 0.01169939525425434112548828125 0 -0.9999315738677978515625 32316.dat
1 151 50.000698089599609375 -91.14282989501953125 -321.30084228515625 -1 0 0 0 -0.9999315738677978515625 0.011696637608110904693603515625 0 0.011696637608110904693603515625 0.9999315738677978515625 53792.dat
1 0 10.00069713592529296875 -90.6433258056640625 -321.306610107421875 -1 -1.19891283247852697968482971191E-05 0 -1.1990150596830062568187713623E-05 0.9999315738677978515625 -0.01169586181640625 0 -0.01169586181640625 -0.9999315738677978515625 6558.dat
1 72 10.00066661834716796875 -90.4094085693359375 -301.308074951171875 1.8775463104248046875E-05 -1.00000011920928955078125 0 -0.99993169307708740234375 -1.847743988037109375E-05 -0.01169939525425434112548828125 0.01169939525425434112548828125 0 -0.9999315738677978515625 32523.dat
1 0 10.0007038116455078125 -90.17548370361328125 -281.30908203125 1 -1.19907381304074078798294067383E-05 0 1.19905980682233348488807678223E-05 0.9999315738677978515625 0.01169818080961704254150390625 0 -0.01169818080961704254150390625 0.9999315738677978515625 6558.dat
1 151 70.0016021728515625 -170.68499755859375 -75.231719970703125 0 -1 1.1265277862548828125E-05 0.068020045757293701171875 -1.12056732177734375E-05 -0.997684001922607421875 0.997684001922607421875 0 0.068020164966583251953125 40490.dat
1 0 50.001132965087890625 -130.245025634765625 -77.48764801025390625 -1 -1.14775566544267348945140838623E-05 0 -1.14835065687657333910465240479E-05 0.997684001922607421875 -0.06801974773406982421875 0 -0.06801974773406982421875 -0.997684001922607421875 6558.dat
1 151 30.001617431640625 -170.6854400634765625 -75.231719970703125 0 -1 1.1265277862548828125E-05 0.068020045757293701171875 -1.12056732177734375E-05 -0.997684001922607421875 0.997684001922607421875 0 0.068020164966583251953125 40490.dat
1 72 50.00043487548828125 -70.916839599609375 -82.03368377685546875 0 -1 1.132488250732421875E-05 0.068019807338714599609375 -1.1265277862548828125E-05 -0.997684001922607421875 0.997684061527252197265625 0 0.0680198967456817626953125 32140.dat
1 71 48.000453948974609375 -70.38417816162109375 -81.5688934326171875 1 -1.14607983050518669188022613525E-05 0 1.14821514216600917279720306396E-05 0.997684001922607421875 0.068019352853298187255859375 0 -0.068019352853298187255859375 0.997684001922607421875 44294.dat
1 71 110.00046539306640625 -70.38327789306640625 -81.56882476806640625 0 -1.14031136035919189453125E-05 -1.00000011920928955078125 0.068019807338714599609375 0.997684001922607421875 -1.14031136035919189453125E-05 0.997684061527252197265625 -0.068019807338714599609375 0 3647.dat
1 71 70.0004730224609375 -70.3838043212890625 -81.568817138671875 0 -1.151859760284423828125E-05 1.00000011920928955078125 -0.068019725382328033447265625 0.997684001922607421875 1.14999711513519287109375E-05 -0.997684061527252197265625 -0.0680197179317474365234375 0 3713.dat
1 71 30.0004215240478515625 -70.384185791015625 -81.56882476806640625 0 -1.1503696441650390625E-05 -1.00000011920928955078125 0.068019919097423553466796875 0.997684001922607421875 -1.1481344699859619140625E-05 0.997684061527252197265625 -0.068019919097423553466796875 0 3713.dat
1 71 -11.9996051788330078125 -70.38468170166015625 -81.568817138671875 0 -1.14031136035919189453125E-05 -1.00000011920928955078125 0.068019807338714599609375 0.997684001922607421875 -1.14031136035919189453125E-05 0.997684061527252197265625 -0.068019807338714599609375 0 3647.dat
1 0 50.000667572021484375 -90.33768463134765625 -80.20843505859375 -1 -1.14775566544267348945140838623E-05 0 -1.14835065687657333910465240479E-05 0.997684001922607421875 -0.06801974773406982421875 0 -0.06801974773406982421875 -0.997684001922607421875 6558.dat
1 72 -9.999416351318359375 -80.91030120849609375 -301.419097900390625 -1.1861324310302734375E-05 0 -1 0.999931633472442626953125 -0.01169598102569580078125 -1.1920928955078125E-05 -0.0116960704326629638671875 -0.999931633472442626953125 0 32291.dat
1 0 -9.99918651580810546875 -81.34044647216796875 -301.916046142578125 0 0 1 -0.99993169307708740234375 -0.0116958916187286376953125 0 0.011695921421051025390625 -0.99993169307708740234375 0 32062.dat
1 72 -9.99941921234130859375 -81.334564208984375 -301.416107177734375 0 -1.00000011920928955078125 0 -0.999931752681732177734375 0 -0.011689208447933197021484375 0.011689208447933197021484375 0 -0.99993169307708740234375 41678.dat
1 0 0.000463426113128662109375 -70.695098876953125 -321.316131591796875 1 -1.13349606181145645678043365479E-05 0 1.11977287815534509718418121338E-05 0.89938247203826904296875 -0.4371626377105712890625 0 0.4371626377105712890625 0.89938247203826904296875 2780.dat
1 151 10.0004634857177734375 -70.4920806884765625 -181.535369873046875 0 -1.00000011920928955078125 0 -1.00000011920928955078125 0 0 0 0 -1 32278.dat
